<?xml version="1.0" encoding="UTF-8" standalone="no"?>
<!-- Created with Inkscape (http://www.inkscape.org/) -->

<svg
   xmlns:dc="http://purl.org/dc/elements/1.1/"
   xmlns:cc="http://creativecommons.org/ns#"
   xmlns:rdf="http://www.w3.org/1999/02/22-rdf-syntax-ns#"
   xmlns:svg="http://www.w3.org/2000/svg"
   xmlns="http://www.w3.org/2000/svg"
   xmlns:inkscape="http://www.inkscape.org/namespaces/inkscape"
   version="1.1"
   width="140"
   height="40"
   id="svg2"
   xml:space="preserve"><metadata
     id="metadata8"><rdf:RDF><cc:Work
         rdf:about=""><dc:format>image/svg+xml</dc:format><dc:type
           rdf:resource="http://purl.org/dc/dcmitype/StillImage" /></cc:Work></rdf:RDF></metadata><defs
     id="defs6" /><g
     transform="matrix(0.25,0,0,-0.25,-5,50)"
     id="g10"><g
       transform="scale(0.1,0.1)"
       id="g12"><path
         d="m 4895.82,859.277 c 55.23,3.184 70.49,11.192 114.55,118.516 l 176.19,430.367 13.58,0 217.05,-489.644 c 20.82,-46.446 40.06,-59.239 81.68,-59.239 l 0,-28.457 c -55.28,0.821 -90.51,2.422 -122.54,2.422 -32.01,0 -66.47,-1.601 -124.73,-2.422 l 0,28.457 c 47.07,0 59.86,7.969 59.86,29.61 0,8.808 -5.6,25.644 -22.4,65.683 l -31.05,73.79 -175.55,0 -26.5,-64.298 c -20.02,-56.054 -22.11,-66.367 -22.11,-74.355 0,-20.84 4.53,-29.648 57.13,-30.43 l 0,-28.457 c -71.8,2.422 -79.81,2.422 -99.07,2.422 -20.02,0 -28.02,0 -96.09,-2.422 l 0,28.457 z m 347.23,203.653 -79.18,188.24 -69.03,-188.24 148.21,0"
         inkscape:connector-curvature="0"
         id="path14"
         style="fill:#ffffff;fill-opacity:1;fill-rule:nonzero;stroke:none" /><path
         d="m 3424.41,859.277 c 52.04,0.782 66.45,19.981 66.45,64.844 l 0,392.419 c 0,44.87 -14.41,64.08 -66.45,64.87 l 0,29.16 c 27.19,-0.8 66.45,-2.41 107.29,-2.41 122.54,0 221.03,1.61 295.53,2.41 l 3.2,-139.65 -25.61,0 c -12.85,76.85 -47.28,104.08 -143.39,104.08 l -69.65,0 0,-229.75 61.64,0 c 72.91,0 83.28,24.73 88.92,75.18 l 27.21,0 c -0.8,-31.21 -1.6,-60.84 -1.6,-86.47 0,-37.65 0.8,-68.08 1.6,-100.11 l -27.21,0 c 0,63.26 -20.04,77.6 -89.7,77.6 l -60.86,0 0,-188.911 c 0,-36.836 15.21,-56.875 90.51,-56.875 81.67,0 138.55,15.215 157.73,116.133 l 27.25,0 c -4.83,-38.457 -12.02,-110.117 -12.02,-150.977 -77.69,0.821 -179.37,2.422 -305.13,2.422 -61.66,0 -109.73,-1.601 -125.71,-2.422 l 0,28.457"
         inkscape:connector-curvature="0"
         id="path16"
         style="fill:#ffffff;fill-opacity:1;fill-rule:nonzero;stroke:none" /><path
         d="m 3947.32,859.277 c 52.07,0.782 66.49,19.981 66.49,64.844 l 0,392.419 c 0,44.87 -14.42,64.08 -66.49,64.87 l 0,29.16 c 37.68,-0.8 69.71,-2.41 99.32,-2.41 52.05,0 104.92,2.41 156.97,2.41 139.32,0 183.4,-74.81 183.4,-153.28 0,-54.48 -33.65,-115.34 -111.35,-139.36 l 100.12,-184.18 c 36.04,-66.504 55.27,-81.699 100.9,-88.086 l 0,-19.238 c -12.01,-0.801 -24.02,-1.602 -36.86,-1.602 -106.48,0 -150.52,36.836 -195.37,132.149 l -31.23,63.927 c -33.61,71.27 -44.82,76.87 -98.51,77.69 l 0,-174.469 c 0,-44.863 14.43,-64.062 66.48,-64.844 l 0,-28.457 c -64.06,1.621 -91.31,2.422 -116.93,2.422 -25.63,0 -52.83,-0.801 -116.94,-2.422 l 0,28.457 z m 167.39,273.163 c 15.21,-3.2 36.85,-5.6 52.89,-5.6 72.05,0 115.29,31.13 115.29,108.82 0,58.46 -29.63,145.75 -133.75,145.75 -14.39,0 -23.22,-0.79 -34.43,-3.21 l 0,-245.76"
         inkscape:connector-curvature="0"
         id="path18"
         style="fill:#ffffff;fill-opacity:1;fill-rule:nonzero;stroke:none" /><path
         d="m 4590.57,859.277 c 52.07,0.782 66.44,19.981 66.44,64.844 l 0,441.269 -70.47,0 c -64.04,0 -106.52,-17.62 -111.31,-118.51 l -29.61,0 4.79,163.69 c 85.68,-0.8 171.39,-1.62 257.05,-2.41 85.7,-0.8 171.37,1.61 257.07,2.41 l 4.83,-163.69 -29.63,0 c -4.81,100.89 -47.25,118.51 -111.33,118.51 l -70.47,0 0,-441.269 c 0,-44.863 14.39,-64.062 66.46,-64.844 l 0,-28.457 c -64.04,1.621 -91.28,2.422 -116.93,2.422 -25.6,0 -52.83,-0.801 -116.89,-2.422 l 0,28.457"
         inkscape:connector-curvature="0"
         id="path20"
         style="fill:#ffffff;fill-opacity:1;fill-rule:nonzero;stroke:none" /><path
         d="m 3504.98,1525.59 -46.13,97.03 -21.6,0 0,-97.03 -64.11,0 0,260.74 103.29,0 c 57.85,0 88.98,-41.02 88.98,-83.87 0,-35.53 -21.97,-57.87 -42.48,-68.12 l 56.41,-108.75 -74.36,0 z m -31.48,203.24 -36.25,0 0,-52.74 36.25,0 c 17.57,0 27.83,12.82 27.83,26.37 0,13.56 -10.26,26.37 -27.83,26.37"
         inkscape:connector-curvature="0"
         id="path22"
         style="fill:#ffffff;fill-opacity:1;fill-rule:nonzero;stroke:none" /><path
         d="m 3757.64,1523.38 c -39.91,0 -72.5,7.32 -98.87,34.43 l 41.02,41.02 c 13.55,-13.56 37.34,-18.32 58.22,-18.32 25.27,0 37.36,8.42 37.36,23.44 0,6.23 -1.46,11.34 -5.14,15.39 -3.3,3.28 -8.78,5.86 -17.2,6.95 l -31.51,4.39 c -23.06,3.3 -40.64,10.98 -52.36,23.07 -12.09,12.46 -17.95,30.04 -17.95,52.36 0,47.62 35.9,82.41 95.22,82.41 37.36,0 65.56,-8.79 87.89,-31.14 l -40.28,-40.27 c -16.48,16.48 -38.08,15.37 -49.43,15.37 -22.34,0 -31.5,-12.81 -31.5,-24.16 0,-3.3 1.09,-8.07 5.13,-12.09 3.28,-3.3 8.79,-6.58 17.93,-7.69 l 31.51,-4.4 c 23.43,-3.28 40.27,-10.6 51.27,-21.6 13.9,-13.56 19.41,-32.95 19.41,-57.13 0,-53.11 -45.78,-82.03 -100.72,-82.03"
         inkscape:connector-curvature="0"
         id="path24"
         style="fill:#ffffff;fill-opacity:1;fill-rule:nonzero;stroke:none" /><path
         d="m 3970.02,1525.59 64.082,0 0,260.742 -64.082,0 0,-260.742 z"
         inkscape:connector-curvature="0"
         id="path26"
         style="fill:#ffffff;fill-opacity:1;fill-rule:nonzero;stroke:none" /><path
         d="m 4271.02,1729.2 0,-203.61 -64.09,0 0,203.61 -64.1,0 0,57.13 192.27,0 0,-57.13 -64.08,0"
         inkscape:connector-curvature="0"
         id="path28"
         style="fill:#ffffff;fill-opacity:1;fill-rule:nonzero;stroke:none" /><path
         d="m 4560.29,1631.78 0,-106.19 -64.08,0 0,106.19 -78.75,154.55 69.96,0 41.02,-93.75 40.64,93.75 69.94,0 -78.73,-154.55"
         inkscape:connector-curvature="0"
         id="path30"
         style="fill:#ffffff;fill-opacity:1;fill-rule:nonzero;stroke:none" /><path
         d="m 5016.54,1552.68 c -19.04,-19.05 -41.01,-29.3 -72.87,-29.3 -31.85,0 -53.83,10.25 -72.87,29.3 -27.48,27.46 -26.37,64.08 -26.37,103.28 0,39.18 -1.11,75.8 26.37,103.26 19.04,19.04 41.02,29.3 72.87,29.3 31.86,0 53.83,-10.26 72.87,-29.3 27.46,-27.46 26.37,-64.08 26.37,-103.26 0,-39.2 1.09,-75.82 -26.37,-103.28 z m -47.24,167.36 c -4.75,6.23 -13.91,11.35 -25.63,11.35 -11.72,0 -20.88,-5.12 -25.64,-11.35 -5.86,-7.7 -9.51,-16.49 -9.51,-64.08 0,-47.62 3.65,-56.04 9.51,-63.73 4.76,-6.23 13.92,-11.72 25.64,-11.72 11.72,0 20.88,5.49 25.63,11.72 5.86,7.69 9.53,16.11 9.53,63.73 0,47.59 -3.67,56.38 -9.53,64.08"
         inkscape:connector-curvature="0"
         id="path32"
         style="fill:#ffffff;fill-opacity:1;fill-rule:nonzero;stroke:none" /><path
         d="m 5220.86,1729.2 0,-45.78 96.68,0 0,-57.13 -96.68,0 0,-100.7 -64.08,0 0,260.74 177.24,0 0,-57.13 -113.16,0"
         inkscape:connector-curvature="0"
         id="path34"
         style="fill:#ffffff;fill-opacity:1;fill-rule:nonzero;stroke:none" /><path
         d="m 1744.14,859.277 c 55.27,3.184 70.49,11.192 114.53,118.516 l 176.21,430.367 13.6,0 217.03,-489.644 c 20.82,-46.446 40.04,-59.239 81.66,-59.239 l 0,-28.457 c -55.26,0.821 -90.49,2.422 -122.52,2.422 -32.01,0 -66.45,-1.601 -124.75,-2.422 l 0,28.457 c 47.09,0 59.89,7.969 59.89,29.61 0,8.808 -5.61,25.644 -22.43,65.683 l -31.05,73.79 -175.51,0 -26.52,-64.298 c -20.04,-56.054 -22.11,-66.367 -22.11,-74.355 0,-20.84 4.53,-29.648 57.13,-30.43 l 0,-28.457 c -71.84,2.422 -79.83,2.422 -99.05,2.422 -20.02,0 -28.02,0 -96.11,-2.422 l 0,28.457 z m 347.23,203.653 -79.18,188.24 -69.01,-188.24 148.19,0"
         inkscape:connector-curvature="0"
         id="path36"
         style="fill:#ffffff;fill-opacity:1;fill-rule:nonzero;stroke:none" /><path
         d="m 2392.07,859.277 c 52.03,0.782 66.47,19.981 66.47,64.844 l 0,392.419 c 0,44.87 -14.44,64.08 -66.47,64.87 l 0,29.16 c 64.06,-1.62 91.27,-2.41 116.89,-2.41 25.65,0 52.88,0.79 116.96,2.41 l 0,-29.16 c -52.05,-0.79 -66.47,-20 -66.47,-64.87 l 0,-392.419 c 0,-41.641 23.21,-55.254 89.69,-55.254 105.72,0 158.56,13.613 174.57,112.93 l 27.23,0 -12.83,-150.977 c -40.02,0.821 -98.48,0.821 -166.55,1.621 -67.28,0.801 -143.38,0.801 -220.25,0.801 -24.04,0 -44.85,-0.801 -59.24,-2.422 l 0,28.457"
         inkscape:connector-curvature="0"
         id="path38"
         style="fill:#ffffff;fill-opacity:1;fill-rule:nonzero;stroke:none" /><path
         d="m 2892.13,859.277 c 52.07,0.782 66.46,19.981 66.46,64.844 l 0,392.419 c 0,44.87 -14.39,64.08 -66.46,64.87 l 0,29.16 c 38.46,-1.62 69.71,-2.41 101.7,-2.41 49.67,0 99.31,2.41 149,2.41 83.26,0 184.94,-29.16 184.94,-145.28 0,-63.26 -49.61,-115.33 -134.51,-128.92 l 0,-1.62 c 96.12,-13.62 157.76,-54.48 157.76,-148.148 0,-44.063 -18.42,-85.704 -44.89,-110.528 -32.79,-30.41 -72.83,-45.254 -160.92,-45.254 -53.67,0 -120.11,2.422 -161.77,2.422 -36.06,0 -65.67,-0.801 -91.31,-2.422 l 0,28.457 z m 167.38,283.083 38.48,0 c 79.63,0 128.92,31.94 128.92,104.52 0,83.3 -44.04,131.32 -131.34,131.32 l -36.06,0 0,-235.84 z m 0,-227.048 c 0,-38.437 15.24,-49.648 68.09,-49.648 76.87,0 114.51,36.055 114.51,104.102 0,90.074 -64.06,143.124 -172.17,143.124 l -10.43,0 0,-197.578"
         inkscape:connector-curvature="0"
         id="path40"
         style="fill:#ffffff;fill-opacity:1;fill-rule:nonzero;stroke:none" /><path
         d="m 2056.41,1523.38 c -54.2,0 -98.52,36.62 -98.52,93.75 l 0,169.2 64.08,0 0,-167.74 c 0,-24.16 13.19,-38.08 34.44,-38.08 21.23,0 35.15,13.92 35.15,38.08 l 0,167.74 64.08,0 0,-169.2 c 0,-57.13 -45.03,-93.75 -99.23,-93.75"
         inkscape:connector-curvature="0"
         id="path42"
         style="fill:#ffffff;fill-opacity:1;fill-rule:nonzero;stroke:none" /><path
         d="m 2422.95,1525.59 -83.5,131.09 0,-131.09 -64.08,0 0,260.74 56.02,0 83.49,-131.12 0,131.12 64.1,0 0,-260.74 -56.03,0"
         inkscape:connector-curvature="0"
         id="path44"
         style="fill:#ffffff;fill-opacity:1;fill-rule:nonzero;stroke:none" /><path
         d="m 2603.09,1525.59 64.1016,0 0,260.742 -64.1016,0 0,-260.742 z"
         inkscape:connector-curvature="0"
         id="path46"
         style="fill:#ffffff;fill-opacity:1;fill-rule:nonzero;stroke:none" /><path
         d="m 2898.59,1525.59 -47.59,0 -86.06,260.74 66.27,0 43.95,-145.76 43.22,145.76 66.64,0 -86.43,-260.74"
         inkscape:connector-curvature="0"
         id="path48"
         style="fill:#ffffff;fill-opacity:1;fill-rule:nonzero;stroke:none" /><path
         d="m 3080.96,1525.59 0,260.74 177.24,0 0,-57.13 -113.16,0 0,-43.59 96.68,0 0,-57.13 -96.68,0 0,-45.77 113.16,0 0,-57.12 -177.24,0"
         inkscape:connector-curvature="0"
         id="path50"
         style="fill:#ffffff;fill-opacity:1;fill-rule:nonzero;stroke:none" /><path
         d="m 1246.29,1898.89 c -163.63,0 -294.688,-26.7 -412.442,-84.03 l -27.266,-13.26 0,-482.11 c 0,-78.79 16.484,-276.33 169.199,-408.338 123.299,-106.504 249.549,-150.234 254.859,-152.05 l 15.65,-5.332 15.64,5.332 c 5.3,1.816 131.49,45.546 254.81,152.031 152.65,132.087 169.14,329.567 169.14,408.357 l 0,482.11 -27.27,13.26 c -117.71,57.33 -248.73,84.03 -412.32,84.03 l 0,0"
         inkscape:connector-curvature="0"
         id="path52"
         style="fill:#ffffff;fill-opacity:1;fill-rule:nonzero;stroke:none" /><path
         d="m 1246.29,779.395 -7.81,2.656 c -5.14,1.758 -127.07,44.004 -246.839,147.441 C 846.504,1054.96 830.82,1244.02 830.82,1319.49 l 0,466.96 13.633,6.62 c 114.336,55.66 242.007,81.58 401.837,81.58 159.78,0 287.42,-25.92 401.72,-81.58 l 13.63,-6.64 0,-466.94 c 0,-75.45 -15.66,-264.49 -160.74,-389.998 C 1381.09,826.055 1259.24,783.809 1254.1,782.051 l -7.81,-2.656"
         inkscape:connector-curvature="0"
         id="path54"
         style="fill:#0d7a3f;fill-opacity:1;fill-rule:nonzero;stroke:none" /><path
         d="m 1246.29,1826.15 c -145.8,0 -262.911,-22.36 -366.974,-70.21 l 0,-305.43 c 42.793,25.1 78.789,54.7 106.075,86.27 32.319,-37.37 76.739,-72.07 130.369,-99.69 53.71,27.62 98.19,62.32 130.49,99.69 32.3,-37.37 76.8,-72.07 130.49,-99.69 53.61,27.62 98.01,62.32 130.29,99.69 27.29,-31.57 63.3,-61.17 106.11,-86.27 l 0,305.43 c -104.02,47.85 -221.11,70.21 -366.85,70.21 z m 185.37,-243.38 c -41.54,0 -70.8,6.16 -112.23,14.79 -7.48,1.56 -14.8,2.32 -21.72,2.32 -16.11,0 -30.35,-3.81 -41.85,-9.24 -3.38,-1.6 -6.56,-3.34 -9.61,-5.11 -2.97,1.77 -6.25,3.51 -9.53,5.11 -11.62,5.43 -25.72,9.24 -41.84,9.24 -6.91,0 -14.26,-0.76 -21.79,-2.32 -41.43,-8.63 -70.73,-14.79 -112.27,-14.79 -5.86,0 -12.01,0.12 -18.46,0.35 l 13.05,140 c 6.68,-0.29 12.81,-0.44 18.61,-0.52 l 3.38,43.75 12.58,-0.63 c 4.94,-0.23 9.41,-0.33 13.67,-0.33 14.57,0 27.19,1.31 41.14,4.28 8.82,1.85 17.59,4.22 27.75,6.93 4.69,1.25 9.65,2.58 14.98,3.97 18.32,4.47 34.98,2.07 50.21,-6.62 2.91,-1.65 5.79,-3.54 8.5,-5.65 2.73,2.09 5.63,4 8.63,5.68 15.14,8.64 32.66,10.96 49.98,6.61 5.63,-1.45 10.73,-2.82 15.53,-4.11 10,-2.67 18.65,-4.98 27.33,-6.81 18.57,-3.95 34.57,-4.98 54.76,-3.95 l 12.62,0.65 3.38,-43.77 c 5.84,0.08 11.87,0.21 18.65,0.52 l 13.1,-140 c -6.5,-0.23 -12.65,-0.35 -18.55,-0.35"
         inkscape:connector-curvature="0"
         id="path56"
         style="fill:#fef3b2;fill-opacity:1;fill-rule:nonzero;stroke:none" /><path
         d="m 1182.58,1638.09 -1.1,-0.28 c -34.14,-8.55 -56.71,-14.2 -89.1,-14.22 l 8.95,115.88 c 17.28,0 32.21,1.31 48.83,4.83 9.49,2.01 18.57,4.43 29.1,7.24 4.61,1.25 9.49,2.56 14.61,3.89 11.27,2.77 21.5,1.41 31.09,-4.06 3.52,-1.98 6.23,-4.14 8.32,-6.04 l 0,-109.35 c -16.37,5.56 -34,6.34 -50.7,2.11"
         inkscape:connector-curvature="0"
         id="path58"
         style="fill:#ffffff;fill-opacity:1;fill-rule:nonzero;stroke:none" /><path
         d="m 1309.94,1638.09 c -17.17,4.29 -34.22,3.61 -50.72,-2.11 l 0,109.2 c 2.48,2.28 5.27,4.47 8.42,6.25 9.43,5.37 20.27,6.68 30.82,4.02 5.45,-1.39 10.47,-2.74 15.21,-4 10.35,-2.78 19.3,-5.18 28.65,-7.15 15.84,-3.34 30.1,-4.85 46.57,-4.85 0.74,0 1.48,0.02 2.26,0.02 l 8.95,-115.88 c -32.99,0.02 -55.72,5.79 -90.16,14.5"
         inkscape:connector-curvature="0"
         id="path60"
         style="fill:#ffffff;fill-opacity:1;fill-rule:nonzero;stroke:none" /><path
         d="m 1246.33,1390.04 c 47.65,10.76 91.5,27.01 130.41,47.05 -53.69,27.62 -98.19,62.32 -130.49,99.69 -32.3,-37.37 -76.82,-72.07 -130.57,-99.65 38.99,-20.1 82.89,-36.35 130.65,-47.09"
         inkscape:connector-curvature="0"
         id="path62"
         style="fill:#479954;fill-opacity:1;fill-rule:nonzero;stroke:none" /><path
         d="m 985.664,1390.2 c 40.916,-9.28 84.646,-14.56 130.646,-14.56 45.72,0 89.2,5.26 129.94,14.42 -47.7,10.74 -91.46,27.03 -130.43,47.05 -38.85,-19.98 -82.6,-36.15 -130.156,-46.91"
         inkscape:connector-curvature="0"
         id="path64"
         style="fill:#298948;fill-opacity:1;fill-rule:nonzero;stroke:none" /><path
         d="m 1246.25,1390.06 c 40.72,-9.16 84.2,-14.42 129.9,-14.42 46,0 89.75,5.28 130.69,14.57 -47.56,10.75 -91.29,26.92 -130.16,46.92 -38.95,-20.02 -82.73,-36.33 -130.43,-47.07"
         inkscape:connector-curvature="0"
         id="path66"
         style="fill:#298948;fill-opacity:1;fill-rule:nonzero;stroke:none" /><path
         d="m 879.316,1376.35 c 37.09,1.5 72.696,6.25 106.348,13.85 -38.144,8.65 -73.672,20.95 -106.348,35.76 l 0,-49.61"
         inkscape:connector-curvature="0"
         id="path68"
         style="fill:#3e9450;fill-opacity:1;fill-rule:nonzero;stroke:none" /><path
         d="m 879.316,1450.51 0,-24.53 c 32.696,-14.85 68.262,-27.13 106.446,-35.8 47.478,10.76 91.168,26.95 129.998,46.91 -53.63,27.62 -98.05,62.32 -130.369,99.69 -27.286,-31.57 -63.282,-61.17 -106.075,-86.27"
         inkscape:connector-curvature="0"
         id="path70"
         style="fill:#77b067;fill-opacity:1;fill-rule:nonzero;stroke:none" /><path
         d="m 1613.14,1425.96 c -32.65,-14.83 -68.18,-27.11 -106.3,-35.76 33.65,-7.6 69.23,-12.33 106.3,-13.85 l 0,49.61"
         inkscape:connector-curvature="0"
         id="path72"
         style="fill:#3e9450;fill-opacity:1;fill-rule:nonzero;stroke:none" /><path
         d="m 1613.14,1425.98 0,24.53 c -42.81,25.1 -78.82,54.7 -106.11,86.27 -32.28,-37.37 -76.68,-72.07 -130.29,-99.69 38.83,-19.96 82.54,-36.15 130,-46.91 38.16,8.67 73.71,20.95 106.4,35.8"
         inkscape:connector-curvature="0"
         id="path74"
         style="fill:#77b067;fill-opacity:1;fill-rule:nonzero;stroke:none" /><path
         d="m 1568.73,1309.75 c -19.4,12.34 -37.71,23.99 -61.69,23.99 -23.99,0 -42.3,-11.67 -61.68,-24.01 -20.07,-12.79 -40.81,-26.01 -68.68,-26.01 -27.86,0 -48.64,13.22 -68.73,26.01 -19.4,12.35 -37.73,24.01 -61.72,24.01 -23.98,0 -42.31,-11.67 -61.71,-24.01 -20.09,-12.79 -40.86,-26.01 -68.72,-26.01 -27.85,0 -48.62,13.22 -68.68,26.01 -19.38,12.35 -37.69,24.01 -61.667,24.01 -23.992,0 -42.308,-11.65 -61.699,-23.99 -13.52,-8.6 -27.387,-17.33 -43.492,-22.16 1.07,-18.37 3.222,-39.95 7.215,-63.45 11.464,4.75 21.98,11.39 32.269,17.91 19.438,12.34 39.547,25.09 65.707,25.09 26.167,0 46.257,-12.75 65.697,-25.09 20.04,-12.72 38.97,-24.74 64.65,-24.74 25.68,0 44.63,12.02 64.69,24.74 19.47,12.34 39.58,25.09 65.74,25.09 26.17,0 46.29,-12.75 65.74,-25.09 20.08,-12.72 39.03,-24.74 64.71,-24.74 25.68,0 44.61,12.02 64.65,24.74 19.45,12.34 39.55,25.09 65.71,25.09 26.16,0 46.26,-12.75 65.69,-25.09 10.28,-6.52 20.79,-13.14 32.25,-17.9 3.98,23.51 6.14,45.08 7.21,63.45 -16.09,4.82 -29.96,13.55 -43.46,22.15"
         inkscape:connector-curvature="0"
         id="path76"
         style="fill:#fddb0b;fill-opacity:1;fill-rule:nonzero;stroke:none" /><path
         d="m 1283.83,847.012 0,29.035 -34.39,-33.813 -29,28.215 0,43.817 29,-28.321 34.39,33.996 0,47.864 -34.39,-33.809 -29,28.199 0,45.955 29,-28.338 34.39,33.998 0,51.87 -34.39,-33.81 -29,28.2 0,42.97 29,-26.45 49.04,47.78 -51.99,44.1 -56.93,-49.42 0,-262.839 c 26.11,-13.008 46.3,-21.32 56.72,-25.34 7.68,2.977 20.79,8.348 37.55,16.141"
         inkscape:connector-curvature="0"
         id="path78"
         style="fill:#feec81;fill-opacity:1;fill-rule:nonzero;stroke:none" /><path
         d="m 1153.56,963.117 -34.39,-35.312 -29.01,29.629 0,45.596 29.01,-28.772 34.39,34.512 0,54.13 -34.39,-34.31 -29.01,28.63 0,45.82 29.01,-26.45 49.04,47.78 -51.99,44.1 -56.93,-49.42 0,-181.999 c 33.19,-25.254 65.62,-45.625 94.27,-61.719 l 0,87.785"
         inkscape:connector-curvature="0"
         id="path80"
         style="fill:#feec81;fill-opacity:1;fill-rule:nonzero;stroke:none" /><path
         d="m 1379.71,1076.59 49.04,47.78 -51.99,44.1 -56.94,-49.42 0,-254.167 c 27.7,14.609 60.26,33.82 94.28,58.094 l 0,40.14 -34.39,-35.312 -29.01,29.629 0,45.596 29.01,-28.772 34.39,34.512 0,54.13 -34.39,-34.31 -29.01,28.63 0,45.82 29.01,-26.45"
         inkscape:connector-curvature="0"
         id="path82"
         style="fill:#feec81;fill-opacity:1;fill-rule:nonzero;stroke:none" /><path
         d="m 1509.98,1076.59 49.04,47.78 -51.99,44.1 -56.94,-49.42 0,-168.777 c 6.37,5.137 12.76,10.418 19.12,15.918 31.34,27.118 55.88,57.719 75.16,89.489 l 0,7.22 -34.39,-34.31 -29.01,28.63 0,45.82 29.01,-26.45"
         inkscape:connector-curvature="0"
         id="path84"
         style="fill:#feec81;fill-opacity:1;fill-rule:nonzero;stroke:none" /><path
         d="m 988.902,1076.59 49.048,47.78 -51.997,44.1 -56.933,-49.42 0,-28.12 c 21.292,-44.17 51.464,-87.69 94.28,-124.707 l 0,96.677 -34.398,-34.31 -29.004,28.63 0,45.82 29.004,-26.45"
         inkscape:connector-curvature="0"
         id="path86"
         style="fill:#feec81;fill-opacity:1;fill-rule:nonzero;stroke:none" /></g></g></svg>