     0     0
  -500     0
  -143     0
     0     0
  -385     0
  -426     0
  -473     0
  -168     0
  -412     0
   276     0
  -238     1
     1     1
     1     1
   -40     1
  -364     1
  -122     1
  -205     1
    -1     1
  -427     1
     1     1
   333     2
     1     2
   477     2
   353     2
     0     2
   196     2
   326     2
    -1     2
     0     2
    -1     2
   241     3
   259     3
     3     3
   108     3
   176     3
     1     3
     0     3
   137     3
   298     3
     3     3
   -35     4
    -1     4
    -4     4
     1     4
     0     4
   394     4
   123     4
     1     4
     0     4
     3     4
   340     5
    -2     5
   181     5
  -134     5
     5     5
    -2     5
    -4     5
  -189     5
     3     5
  -363     5
     3     6
    -6     6
   196     6
   462     6
    -2     6
   308     6
   157     6
    70     6
   203     6
   419     6
     7     7
     5     7
    50     7
    -2     7
   127     7
   168     7
   504     7
   284     7
     4     7
  -433     7
    -6     8
  -464     8
   -61     8
  -384     8
  -376     8
  -370     8
   -76     8
  -233     8
     0     8
  -276     8
     7     9
  -350     9
     6     9
  -277     9
     9     9
    -8     9
   281     9
   151     9
   251     9
   353     9
   115    10
   315    10
   174    10
   452    10
    77    10
    62    10
  -492    10
   -87    10
    -7    10
   -89    10
